111111111111111111111111111111111111111111111111111111111111
111111111111000111111000001111000000111111001111111111111111
111111111110111011110111110111011111011111101111111111111111
111111111101111101110111010111011111011111110111110100001111
111111111101111101110110110111000000111111111111110011110111
111111111101111101110111001111011111111111111111110011110111
111111111110111011110111111111011111111111111111110100001111
111111111111000111111000001111011111111111111111110111111111
111111111111111111111111111111111111111111111111110111111111
111111111111111111111111111111111111111111111111110111111111
111111111111111111111111111111111111111111111111111111111111
111011111111101111111110111111100000111111111111111111111111
111011111111001111111101011111011111011111111111111111111111
111011111110101111111011101111011111011110000011111000010111
111011111111101111110111110111011111011111111101110111100111
111011111111101111110000000111011101011110000001110111100111
111111111111101111110111110111011110111101111101111000010111
111011111110000011110111110111100001011110000001111111110111
111111111111111111111111111111111111111111111111111111110111
111111111111111111111111111111111111111111111111111111110111
111111111111111111111111111111111111111111111111111111111111
101101111110000111110000001111000000111101111111111111111111
101101111101111011111011110111011111011101111111111111111111
101101111111111101111011110111011111011101000011110110001111
111111111111100011111000001111000000111100111101111001110111
111111111110011111111011110111011101111101111101111011111111
111111111101111111111011110111011110111100111101111011111111
111111111100000001110000001111011111011101000011111011111111
111111111111111111111111111111111111111111111111111111111111
111111111111111111111111111111111111111111111111111111111111
111111111111111111111111111111111111111111111111111111111111
101101111100000001111100001111100000111111111111111111111111
101101111111111011111011110111011111011111111111111111111111
000000111111110111110111111111011111111111000011111000001111
101101111111100011110111111111100000111110111101110111111111
000000111111111101110111111111111111011101111111111000001111
101101111101111101111011110111011111011110111111111111110111
101101111110000011111100001111100000111111000001110000001111
111111111111111111111111111111111111111111111111111111111111
111111111111111111111111111111111111111111111111111111111111
111111111111111111111111111111111111111111111111111111111111
111011111111110111110000011111000000011111111101111101111111
100000111111100111111011101111111011111111111101111101111111
011011111111010111111011110111111011111110000101110000011111
100000111110110111111011110111111011111101111001111101111111
111011011100000001111011110111111011111101111101111101111111
100000111111110111111011101111111011111101111001111101101111
111011111111110111110000011111111011111110000101111110011111
111111111111111111111111111111111111111111111111111111111111
111111111111111111111111111111111111111111111111111111111111
111111111111111111111111111111111111111111111111111111111111
001111011100000001110000000111011111011111111111111111111111
001110111101111111110111111111011111011111111111111111111111
111101111101000011110111111111011111011110000011110111101111
111011111100111101110000011111011111011101111101110111101111
110111111111111101110111111111011111011100000001110111101111
101110011101111101110111111111011111011101111111110111101111
011110011110000011110000000111100000111110000011111000010111
111111111111111111111111111111111111111111111111111111111111
111111111111111111111111111111111111111111111111111111111111
111111111111111111111111111111111111111111111111111111111111
100011111111000011110000000111011111011111100011111111111111
011101111110111101110111111111011111011111011101111111111111
011101111101111111110111111111101110111111011111110111110111
100011111101000011110000011111101110111100000111110111110111
011101011100111101110111111111110101111111011111111011101111
011110111110111101110111111111110101111111011111111101011111
100001011111000011110111111111111011111111011111111110111111
111111111111111111111111111111111111111111111111111111111111
111111111111111111111111111111111111111111111111111111111111
111111111111111111111111111111111111111111111111111111111111
111001111100000001111100001111011111011111111111111111111111
111011111111111101111011110111011111011111111101111111111111
110111111111111011110111111111011111011110000101110111110111
111111111111110111110111111111011011011101111011110111110111
111111111111101111110111000111011011011101111011110110110111
111111111111011111111011110111010101011110000011110101010111
111111111110111111111100001111101110111111111011111011101111
111111111111111111111111111111111111111101111011111111111111
111111111111111111111111111111111111111110000111111111111111
111111111111111111111111111111111111111111111111111111111111
111101111110000011110111110111011111011101111111111111111111
111011111101111101110111110111101110111101111111111111111111
110111111101111101110111110111110101111101000011110111101111
110111111110000011110000000111111011111100111101111011011111
110111111101111101110111110111110101111101111101111100111111
111011111101111101110111110111101110111101111101111011011111
111101111110000011110111110111011111011101111101110111101111
111111111111111111111111111111111111111111111111111111111111
111111111111111111111111111111111111111111111111111111111111
111111111111111111111111111111111111111111111111111111111111
110111111110000111111000001111011111011111101111111111111111
111011111101111011111110111111101110111111111111111111111111
111101111101111001111110111111110101111111001111110111101111
111101111110000101111110111111111011111111101111110111101111
111101111111111101111110111111111011111111101111110111001111
111011111101111011111110111111111011111111101111111000101111
110111111110000111111000001111111011111110000011111111101111
111111111111111111111111111111111111111111111111110111101111
111111111111111111111111111111111111111111111111111000011111
111111111111111111111111111111111111111111111111111111111111
111111111111111111111111000111000000011111111011111111111111
101110111111001111111111101111111110111111111111111111111111
110101111111001111111111101111111101111111111011110000000111
000000011111111111111111101111111011111111111011111111101111
110101111111111111111111101111110111111111111011111110011111
101110111111001111110111101111101111111111111011111101111111
111111111111001111111000011111000000011101111011110000000111
111111111111111111111111111111111111111101111011111111111111
111111111111111111111111111111111111111110000111111111111111
111111111111111111111111111111111111111111111111111111111111
111111111111111111110111110111110000111101111111111111000111
111011111111001111110111001111110111111101111111111110111111
111011111111001111110100111111110111111101110111111110111111
000000011111111111110011111111110111111101101111111001111111
111011111111111111110100111111110111111100011111111110111111
111011111111001111110111001111110111111101110111111110111111
111111111111011111110111110111110000111101111101111111000111
111111111110111111111111111111111111111111111111111111111111
111111111111111111111111111111111111111111111111111111111111
111111111111111111111111111111111111111111111111111111111111
111111111111111101110111111111011111111111001111111110111111
111111111111110111110111111111101111111111101111111110111111
111111111111011111110111111111110111111111101111111110111111
111111111101111111110111111111111011111111101111111111111111
111111111111011111110111111111111101111111101111111111111111
110011111111110111110111111111111110111111101111111110111111
110111111111111101110000000111111111011111000111111110111111
101111111111111111111111111111111111111111111111111110111111
111111111111111111111111111111111111111111111111111111111111
111111111111111111111111111111111111111111111111111111111111
111111111111111111110111110111100001111111111111110001111111
111111111111111111110011100111111101111111111111111110111111
111111111100000001110101010111111101111100111011111110111111
000000011111111111110110110111111101111101010101111111001111
111111111100000001110111110111111101111101101101111110111111
111111111111111111110111110111111101111101101101111110111111
111111111111111111110111110111100001111101111101110001111111
111111111111111111111111111111111111111111111111111111111111
111111111111111111111111111111111111111111111111111111111111
111111111111111111111111111111111111111111111111111111111111
111111111101111111110111110111111011111111111111111001110111
111111111111011111110011110111110101111111111111110110110111
111111111111110111110101110111101110111101000011110111001111
111111111111111101110110110111011111011100111101111111111111
111111111111110111110111010111111111111101111101111111111111
110011111111011111110111100111111111111101111101111111111111
110011111101111111110111110111111111111101111101111111111111
111111111111111111111111111111111111111111111111111111111111
111111111111111111111111111111111111111111111111111111111111
111111111111111111111111111111111111111111111111111111111111
111111011110000011111000001111111111111111111111111111111111
111110111101111101110111110111111111111111111111111111111111
111101111111110011110111110111111111111110000011111111111111
111011111111101111110111110111111111111101111101111111111111
110111111111101111110111110111111111111101111101111111111111
101111111111111111110111110111111111111101111101111111111111
011111111111101111111000001111000000011110000011111111111111
111111111111111111111111111111111111111111111111111111111111
111111111111111111111111111111111111111111111111111111111111