0000000000000000000000000000000000000000000000000000000000000000000000000000000000000000000000000000
0000000000000000000000000000000000000000000000000000000000000000000000000000000000000000000000000000
0000000000000000000000000000000000000000000000000000000000000000000000000000000000000000000000000000
0000000000000000000000000000000000000000000000000000000000000000000000000000000000000000000000000000
0000000000000000000000000000000000000000000000000000000000000000000000000000000000000000000000000000
0000000000000000000000000000000000000000000000000000000000000000000000000000000000000000000000000000
0000000000000000000000000000000000000000000000000000000000000000000000000000000000000000000000000000
0000000000000000000000000000000000000000000000000000000000000000000000000000000000000000000000000000
0000000000000000000000000000000000000000000000000000000000000000000000000000000000000000000000000000
1111111111111111111111111111111111111111111111111111111111111111111111111111111111111111111111111111
0000000000000000000000000000000000000000000000000000000000000000000000000000000000000000000000000000
0000000000000000000000000000000000000000000000000000000000000000000000000000000000000000000000000000
0000000000000000000000000000000000000000000000000000000000000000000000000000000000000000000000000000
0000000000000000000000000000000000000000000000000000000000000000000000000000000000000000000000000000
0000000000000000000000000000000000000000000000000000000000000000000000000000000000000000000000000000
0000000000000000000000000000000000000000000000000000000000000000000000000000000000000000000000000000
0000000000000000000000000000000000000000000000000000000000000000000000000000000000000000000000000000
0000000000000000000000000000000000000000000000000000000000000000000000000000000000000000000000000000
0000000000000000000000000000000000000000000000000000000000000000000000000000000000000000000000000000
0000000000000000000000000000000000000000000000000000000000000000000000000000000000000000000000000000
0000000000000000000000000000000000000000000000000000000000000000000000000000000000000000000000000000
0000000000000000000000000000000000000000000000000000000000000000000000000000000000000000000000000000
0000000000000000000000000000000000000000000000000000000000000000000000000000000000000000000000000000
0000000000000000000000000000000000000000000000000000000000000000000000000000000000000000000000000000
0000000000000000000000000000000000000000000000000000000000000000000000000000000000000000000000000000
0000000000000000000000000000000000000000000000000000000000000000000000000000000000000000000000000000
0000000000000000000000000000000000000000000000000000000000000000000000000000000000000000000000000000
0000000000000000000000000000000000000000000000000000000000000000000000000000000000000000000000000000
0000000000000000000000000000000000000000000000000000000000000000000000000000000000000000000000000000
0000000000000000000000000000000000000000000000000000000000000000000000000000000000000000000000000000
0000000000000000000000000000000000000000000000000000000000000000000000000000000000000000000000000000
0000000000000000000000000000000000000000000000000000000000000000000000000000000000000000000000000000
1111111111111111111111111111111111111111111111111111111111111111111111111111111111111111111111111111
1111111111111011111111101111111110111111111011111111101111111111111111111011111111111111111111111111
1111111111101101111110110111111011011111111111111111111111111111111111111111111111111111111111111111
1111111111101101111110110111110000001111101101111100000011111011011111101101111111111111111111111111
1111111111111011111110000011110110111111100000111111101101111000001111111011111111111111111111111111
1111111111001111011100111011111111011111111011111111011111111011100111011110011111111111111111111111
1111111111100011111101110111110111011111100011111101110101110111101111100001011111111111111111111111
1111111111111001111111101111111101111111111111111111111111111111111111111111111111111111111111111111
1111111111111101111111101111111101111111110111111111011111111110111111111101111111111111111111111111
1111111111110111111111101111111111011111111101111111110111111110111111110111111111111111111111111111
1111111111111111111110111011111101011111000000011111010111111011101111111111111111111111111111111111
1111111111111111111111101111111110111111000000011111101111111110111111111111111111111111111111111111
1111111111111111111111111111111111111111111111111111111111111100111111110111111110111111111111111111
1111111111111111111111111111111111111111000000011111111111111111111111111111111111111111111111111111
1111111111111111111111111111111111111111111111111111111111111100111111110011111111111111111111111111
1111111111111111011111111011111111011111111011111111011111111011111111011111111111111111111111111111
1111111111110001111110111011110111110111011111011101111101111011101111110001111111111111111111111111
1111111111111011111111001111111010111111111011111111101111111110111111100000111111111111111111111111
1111111111100001111101111011111111110111111000111110011111110111111111000000011111111111111111111111
1111111111000000011111111011111111011111111000111111111101110111110111100000111111111111111111111111
1111111111111101111111100111111101011111101101111100000001111111011111111101111111111111111111111111
1111111111000000011101111111110100001111001111011111111101110111110111100000111111111111111111111111
1111111111110000111110111101110111111111010000111100111101111011110111110000111111111111111111111111
1111111111000000011111111101111111101111111101111111101111111101111111101111111111111111111111111111
1111111111100000111101111101110111110111100000111101111101110111110111100000111111111111111111111111
1111111111100001111101111011110111100111100001011111111101110111101111100001111111111111111111111111
1111111111111111111111001111111100111111111111111111111111111100111111110011111111111111111111111111
1111111111111111111111001111111100111111111111111111111111111100111111110111111110111111111111111111
1111111111111111011111110111111101111111011111111111011111111111011111111111011111111111111111111111
1111111111111111111111111111110000000111111111111100000001111111111111111111111111111111111111111111
1111111111011111111111011111111111011111111111011111110111111101111111011111111111111111111111111111
1111111111100000111101111101111111001111111011111111101111111111111111111011111111111111111111111111
1111111111100000111101111101110111010111011011011101110011110111111111100000111111111111111111111111
1111111111111011111111010111111011101111011111011100000001110111110111011111011111111111111111111111
1111111111000000111110111101111011110111100000111110111101111011110111000000111111111111111111111111
1111111111110000111110111101110111111111011111111101111111111011110111110000111111111111111111111111
1111111111000001111110111011111011110111101111011110111101111011101111000001111111111111111111111111
1111111111000000011101111111110111111111000001111101111111110111111111000000011111111111111111111111
1111111111000000011101111111110111111111000001111101111111110111111111011111111111111111111111111111
1111111111110000111110111101110111111111011111111101110001111011110111110000111111111111111111111111
1111111111011111011101111101110111110111000000011101111101110111110111011111011111111111111111111111
1111111111100000111111101111111110111111111011111111101111111110111111100000111111111111111111111111
1111111111111100011111111011111111101111111110111111111011110111101111100001111111111111111111111111
1111111111011111011101110011110100111111001111111101001111110111001111011111011111111111111111111111
1111111111011111111101111111110111111111011111111101111111110111111111000000011111111111111111111111
1111111111011111011100111001110101010111011011011101111101110111110111011111011111111111111111111111
1111111111011111011100111101110101110111011011011101110101110111100111011111011111111111111111111111
1111111111100000111101111101110111110111011111011101111101110111110111100000111111111111111111111111
1111111111000000111101111101110111110111000000111101111111110111111111011111111111111111111111111111
1111111111100000111101111101110111110111011111011101110101110111101111100001011111111111111111111111
1111111111000000111101111101110111110111000000111101110111110111101111011111011111111111111111111111
1111111111100000111101111101110111111111100000111111111101110111110111100000111111111111111111111111
1111111111000000011111101111111110111111111011111111101111111110111111111011111111111111111111111111
1111111111011111011101111101110111110111011111011101111101110111110111100000111111111111111111111111
1111111111011111011101111101111011101111101110111111010111111101011111111011111111111111111111111111
1111111111011111011101111101110111110111011011011101101101110101010111101110111111111111111111111111
1111111111011111011110111011111101011111111011111111010111111011101111011111011111111111111111111111
1111111111011111011110111011111101011111111011111111101111111110111111111011111111111111111111111111
1111111111000000011111111011111111011111111011111111011111111011111111000000011111111111111111111111
1111111111110000111111011111111101111111110111111111011111111101111111110000111111111111111111111111
1111111111011111111110111111111101111111111011111111110111111111101111111111011111111111111111111111
1111111111100001111111110111111111011111111101111111110111111111011111100001111111111111111111111111
1111111111111011111111010111111011101111011111011111111111111111111111111111111111111111111111111111
1111111111111111111111111111111111111111111111111111111111111111111111000000011111111111111111111111
1111111111110011111111101111111111011111111111111111111111111111111111111111111111111111111111111111
1111111111111111111111111111111000001111111111011110000001110111110111100000011111111111111111111111
1111111111011111111101111111110100001111001111011101111101110011110111010000111111111111111111111111
1111111111111111111111111111111100001111101111011101111111111011111111110000011111111111111111111111
1111111111111111011111111101111000010111011110011101111101110111100111100001011111111111111111111111
1111111111111111111111111111111000001111011111011100000001110111111111100000111111111111111111111111
1111111111111000111111011101111101111111000001111111011111111101111111110111111111111111111111111111
1111111111111111111111111101111000010111011110111101111011111000001111111110111101111011111000011111
1111111111011111111101111111110100001111001111011101111101110111110111011111011111111111111111111111
1111111111111011111111111111111100111111111011111111101111111110111111100000111111111111111111111111
1111111111111110111111111111111111101111111110111111111011111111101111011110111101111011111000011111
1111111111011111111101111111110111011111011011111100011111110111011111011111011111111111111111111111
1111111111110011111111101111111110111111111011111111101111111110111111110001111111111111111111111111
1111111111111111111111111111110011101111010101011101101101110110110111011111011111111111111111111111
1111111111111111111111111111110100001111001111011101111101110111110111011111011111111111111111111111
1111111111111111111111111111111000001111011111011101111101110111110111100000111111111111111111111111
1111111111111111111111111111110100001111001111011100111101110100001111011111111101111111110111111111
1111111111111111111111111111111000010111011110011101111001111000010111111111011111111101111111110111
1111111111111111111111111111110110001111100111011110111111111011111111101111111111111111111111111111
1111111111111111111111111111111000001111011111111110000011111111110111000000111111111111111111111111
1111111111110111111111011111110000011111110111111111011111111101101111111001111111111111111111111111
1111111111111111111111111111110111101111011110111101111011110111101111100001011111111111111111111111
1111111111111111111111111111110111110111011111011110111011111101011111111011111111111111111111111111
1111111111111111111111111111110111110111011111011101101101110101010111101110111111111111111111111111
1111111111111111111111111111110111101111101101111111001111111011011111011110111111111111111111111111
1111111111111111111111111111110111101111011110111101110011111000101111111110111101111011111000011111
1111111111111111111111111111110000000111111110111111100111111101111111000000011111111111111111111111
1111111111111100011111101111111110111111100111111111101111111110111111111100011111111111111111111111
1111111111111011111111101111111110111111111111111111111111111110111111111011111111101111111111111111
1111111111000111111111101111111110111111111100111111101111111110111111000111111111111111111111111111
1111111111100111011101101101110111001111111111111111111111111111111111111111111111111111111111111111
0000000000000000000000000000000000000000000000000000000000000000000000000000000000000000000000000000
