00000000010000000000010010010011
00000000100000000000100100010011
00000000010001001000010100010011
00000000001010010000010110010011
00000000110000000000000011101111
00000000000001010000110110010011
00000000000000000000000001100011
11111111010000010000000100010011
00000000100000010010000000100011
00000000100100010010001000100011
00000001001000010010010000100011
00000000000001010000010000010011
00000000000001011000010010010011
00000000000000000000100100010011
00000000100101000100100001100011
00000000000110010000100100010011
01000000100101000000010000110011
11111110000000000000101011100011
00000000000010010000010100010011
00000000000000010010010000000011
00000000010000010010010010000011
00000000100000010010100100000011
00000000000000000000001110110011
00000010010000000000011110010011
00000000011101111100100001100011
00000000000001111010010010000011
00000000010001111000011110010011
11111110000000000000101011100011
00000000110000010000000100010011
00000000000000001000000001100111
