00000000100000000000010000010011
00000000100100000000010010010011
00000001001000000000100100010011
00000000010000000000010100010011
00000000001000000000010110010011
00000000110000000000000011101111
00000000000001010000110110010011
00000000000000000000000001100011
11111111000000010000000100010011
00000000100000010010000000100011
00000000100000010010001000100011
00000000100100010010010000100011
00000001001000010010011000100011
00000000000001010000010000010011
00000000000001011000010010010011
00000000000000000000100100010011
00000000100101000100100001100011
00000000000110010000100100010011
01000000100101000000010000110011
11111110000000000000101011100011
00000000000010010000010100010011
00000000000000010010010000000011
00000000010000010010010010000011
00000000100000010010100100000011
00000001000000010000000100010011
00000000000000001000000001100111
