00000000000100000000010100010011
00000000001100000000010110010011
00000000110000000000000011101111
00000000000001010000010100010011
00000000000000000000000001100011
11111111000000010000000100010011
00000000100000010010000000100011
00000000100100010010001000100011
00000001001000010010010000100011
00000001001100010010011000100011
00000000000001010000010000010011
00000000000001011000010010010011
00000000000000000000100100010011
00000000000000000000100110010011
00000000100110011101100001100011
00000000100010010000100100110011
00000000000110011000100110010011
11111110000000000000101011100011
00000000000010010000010100010011
00000000000000010010010000000011
00000000010000010010010010000011
00000000100000010010100100000011
00000000110000010010100110000011
00000001000000010000000100010011
00000000000000001000000001100111
