00000000
01000100
10000101
00010011

00000000
00101001
00000101
10010011

00000000
10000000
00000000
11101111

00000000
00000101
00000100
00010011

11111111
01000001
00000001
00010011

00000000
10000001
00100000
00100011

00000000
10010001
00100010
00100011

00000001
00100001
00100100
00100011			

00000000
00000101
00000100
00010011		

00000000
00000101
00000100
10010011		

00000000
00000000
00001001
00010011			

00000010
10010100
01000100
01100011			

00000000
00011001
00001001
00010011		

01000000
10010100
00000100
00010011			

11111110
00000000
00001010
11100011			

00000000
00001001
00000101
00010011				

00000000
00000001
00100100
00000011			

00000000
01000001
00100100
10000011			

00000000
10000001
00100101
00000011			

00000000
11000001
00000001
00010011				

00000000
00000000
10000000
01100111